<?xml version="1.0"?>
<opencv_storage>
<calibration_Time>"pią, 9 cze 2017, 23:52:57"</calibration_Time>
<nrOfFrames>32</nrOfFrames>
<image_Width>640</image_Width>
<image_Height>480</image_Height>
<board_Width>9</board_Width>
<board_Height>6</board_Height>
<square_Size>9.0000003576278687e-02</square_Size>
<FixAspectRatio>1.</FixAspectRatio>
<!-- flags:  +fix_aspectRatio +fix_principal_point +zero_tangent_dist -->
<flagValue>14</flagValue>
<Camera_Matrix type_id="opencv-matrix">
  <rows>3</rows>
  <cols>3</cols>
  <dt>d</dt>
  <data>
    5.1593956753227064e+02 0. 320. 0. 5.1593956753227064e+02 240. 0. 0.
    1.</data></Camera_Matrix>
<Distortion_Coefficients type_id="opencv-matrix">
  <rows>5</rows>
  <cols>1</cols>
  <dt>d</dt>
  <data>
    2.3294246235163224e-01 -1.3581151388108088e+00 0. 0.
    2.9959573487933868e+00</data></Distortion_Coefficients>
<Avg_Reprojection_Error>8.5202225083052119e-01</Avg_Reprojection_Error>
<Per_View_Reprojection_Errors type_id="opencv-matrix">
  <rows>32</rows>
  <cols>1</cols>
  <dt>f</dt>
  <data>
    8.89931858e-01 8.74751270e-01 8.92900407e-01 9.72162724e-01
    9.67587709e-01 9.61221278e-01 7.40509272e-01 8.01631153e-01
    7.88402617e-01 7.64131427e-01 7.52513051e-01 7.64430821e-01
    7.68771708e-01 7.16549695e-01 7.07195640e-01 8.12380075e-01
    8.13373148e-01 8.25565517e-01 1.03191113e+00 1.02586508e+00
    1.02777410e+00 1.03041637e+00 1.03353035e+00 1.03588188e+00
    7.95155466e-01 8.34087789e-01 7.69996762e-01 1.09616387e+00
    1.09216344e+00 2.72195339e-01 2.51326114e-01 2.94291377e-01</data></Per_View_Reprojection_Errors>
<!-- a set of 6-tuples (rotation vector + translation vector) for each view -->
<Extrinsic_Parameters type_id="opencv-matrix">
  <rows>32</rows>
  <cols>6</cols>
  <dt>d</dt>
  <data>
    8.4601686004842913e-01 6.0939166501557375e-02
    -2.9889653509644689e+00 1.2908685707020282e-02
    -1.8996139611066647e-02 1.1247605702433690e+00
    8.3931996052364288e-01 8.3978754533917940e-02
    -2.9877600022498574e+00 1.2044388499324689e-02
    -1.7569541966806396e-02 1.1277840670776671e+00
    8.3965394877634614e-01 8.3785995137177716e-02
    -2.9885334741238534e+00 1.2364401307555947e-02
    -1.6689545676141230e-02 1.1281183053066897e+00
    -6.0272042845266538e-01 -1.3002159277551031e-01
    -3.0506677246828713e+00 -3.2751199702005081e-02
    -6.3340408006354709e-02 9.8725967901560985e-01
    -6.0111140248039652e-01 -1.3115686332583315e-01
    -3.0459196635756096e+00 -3.5645031556393043e-02
    -6.2803232703907669e-02 9.8863908105263076e-01
    -6.0864662120926460e-01 -1.2530438536049754e-01
    -3.0410980371407468e+00 -3.8298224604773043e-02
    -6.2018142018901587e-02 9.8808838746773830e-01
    5.2976998906794748e-01 2.6658800299775409e-01 2.8064954644009910e+00
    -9.8185216132570766e-02 -9.1823300326081582e-03
    1.1066301224326223e+00 5.3115005233797008e-01 2.5344848074999615e-01
    2.8171015230382888e+00 -1.0495688009285226e-01
    -3.5067460974644474e-03 1.1112878451599202e+00
    5.3280718403549920e-01 2.5024521650941040e-01 2.8200430473441762e+00
    -1.0433919928323124e-01 -4.1260763089301248e-03
    1.1117006006821664e+00 3.4027657414756607e-01
    -7.5400917054848116e-01 2.8085575273610903e+00
    -9.4076969406755043e-02 5.3709183008820216e-02
    1.0536671179606263e+00 3.3950081335806565e-01
    -7.5279793209875745e-01 2.8087487325188829e+00
    -9.3691367613945031e-02 5.3619560745429860e-02
    1.0536416208910786e+00 3.3854480653447849e-01
    -7.5332582997827324e-01 2.8098774068322592e+00
    -9.3952606546908443e-02 5.4105482665165107e-02
    1.0534277333933868e+00 3.3844976439126534e-01
    -7.5414767646417069e-01 2.8090346369306674e+00
    -9.3832516287492174e-02 5.3954779840642973e-02
    1.0536575665876380e+00 -5.8921271294308608e-01
    9.3422838621843557e-02 -3.0421693966663121e+00
    -8.3473359515700021e-02 -7.4786051146393737e-02
    1.1244267019923033e+00 -5.8842486432084107e-01
    9.2744299426441579e-02 -3.0434187197182081e+00
    -8.3426320645226718e-02 -7.5316645848183525e-02
    1.1247592804282056e+00 2.6591603421903122e-02
    -1.0469200763302038e+00 -2.8656938289597966e+00
    -8.3132705676013607e-02 -1.7194993192792343e-01
    1.1966087798913438e+00 2.9782307788731359e-02
    -1.0479431689118219e+00 -2.8655483999118188e+00
    -8.2994569380728217e-02 -1.7130884879934774e-01
    1.1972413236182140e+00 3.1401013991578422e-02
    -1.0458672482840952e+00 -2.8674251919836702e+00
    -8.2363789879903559e-02 -1.7140175231181426e-01
    1.1972014090204113e+00 2.2977562756525693e-01 1.0393910055236955e+00
    -2.8606223355457305e+00 -7.2373921772794808e-02
    -6.4223573876701259e-02 1.0435146022760207e+00
    2.2686539987030119e-01 1.0553462799414512e+00
    -2.8547265544640470e+00 -7.5840150971878975e-02
    -6.0368864402967959e-02 1.0434825185870527e+00
    2.2557777782427377e-01 1.0568229452181843e+00
    -2.8551666642666809e+00 -7.5756711844201866e-02
    -6.0837844790615977e-02 1.0430985669021582e+00
    5.3499954443703057e-01 7.8259426478332950e-01
    -2.9709501537885421e+00 -6.5519429231255130e-02
    -4.8636852337132962e-02 1.1055174831202397e+00
    5.3375840007482422e-01 7.8300509165198817e-01
    -2.9720962025493840e+00 -6.6095839679159177e-02
    -4.8414838114503395e-02 1.1057686964386670e+00
    5.3292228880388648e-01 7.8355561435275878e-01
    -2.9729836623300900e+00 -6.6233502460913862e-02
    -4.8217000016828528e-02 1.1056622865274790e+00
    -5.2481394270139026e-01 -1.6796544149768863e-01
    -3.0893824352809736e+00 -1.1554720802462437e-01
    -5.5460177108072654e-02 9.9971992067415916e-01
    -5.1234140151330643e-01 -1.5430645601431556e-01
    -3.0889913119773049e+00 -1.1059868472347757e-01
    -5.5024566919940648e-02 1.0127496128057818e+00
    -5.0179897033963350e-01 -1.3706264338783378e-01
    -3.0930489405432153e+00 -1.0870369386320435e-01
    -5.4211764293295765e-02 1.0184041581896004e+00
    -8.5375573741187472e-01 3.3906402021163362e-01
    2.8910976469547434e+00 -1.4911447101726427e-02
    -3.3711220282865086e-02 1.0513205802855252e+00
    -8.6853975972990183e-01 3.5202159930099541e-01
    2.8875835825767511e+00 -9.2359595832025767e-03
    -3.3819498397097227e-02 1.0542294299695543e+00
    1.5545090563655978e-01 -1.7231753196370826e-03
    -3.1124182983385493e+00 -1.1460632070095184e-01
    5.7472141332189405e-02 1.1162149080931221e+00 1.5366173390888888e-01
    2.1448382438781417e-03 -3.1113443240167267e+00
    -1.1502784848821243e-01 5.7430876955772661e-02
    1.1172865398173069e+00 1.5527372886972979e-01 4.8728757289043826e-03
    -3.1094035158902811e+00 -1.1558486353306680e-01
    5.6574654220379300e-02 1.1179810610927772e+00</data></Extrinsic_Parameters>
