<?xml version="1.0"?>
<opencv_storage>
<validFramesIDs>
  0 1 2 7 8 9 16 17 18 19 20 21 22 23 24 25 26 27 28 29 30 37 38 39 40
  41 42 44 45 52 53 54</validFramesIDs>
</opencv_storage>
