<?xml version="1.0"?>
<opencv_storage>
<kurczak>
  0 1 2 3 4 5 6 11 12 13 20 21 22 23 24 25 26 27 28 29 30 31 32 33 34 41
  42 43 44 45 46 48 49 56 57 58</kurczak>
</opencv_storage>
encv_storage>
